 50  27  30  64  49  35  68  34  79  54  74  85  73  89  51  88
 62  52  47 144 139  61 115 131 111  70  29  83  62  78  85 107
 49  36  39  54 112 161 124 133 157 185  49  68  62  76  89  83
 52  26  35  60  30  97 135 103 127 201 189  41  63  57  96  65
 44  14  32  67   6 211 222 164 255   4 201  46  77  65  74  61
 62  20  25  57  45 137 139   3 205 145 203  60  43  77  57  48
 19  34  17   7  56  99 114 136 172  82 101  59  28  46  35  60
 31  16  24  86  32 109 113 150 212  41 145 247  85 145  42  64
 95  64  29  24  55 156 176 220 254 237  33 248  22  11  26  26
 30  20   1  32  18 154 184 200 176 104 138  30   2  35  46  30
 11   9  10  38  35   8  77  34  46  24 152  21   3  23  31  34
  5  11  12 110  40  28 206  52  29  56  25  63  17  27  17  18
 16   6   7  33  23  36  46 141  29  33  25 117  32  19   9  16
 18   3   6  32  38  29  19   1   0  18  52  85  14  22  17  35
  4  15   7  48  53  44  41   0   5  48  85 122  38  23  32  35
 17  21   9   1   2 116  10   8   3  72 130  28  22  15  36  25
 71  46  55  88  74  53  90  53 104  73  99 103  97 104  69 106
 85  72  76 165 162  84 133 147 129  91  47 110  84  95 110 130
 75  64  70  82 134 181 147 156 180 203  86  96  86  94 111 104
 80  45  60  84  20 124 161 134 152 221 205  66  87  82 118  87
 72  32  63  96   5 209 219 160 255   5 211  74 107  94 100  83
 94  39  52  86  73 148 149  11 211 166 222  87  75 104  87  77
 40  54  40  28  84 119 130 146 178 109 135  85  58  71  64  82
 60  40  47 104 115 129 130 157 212 134 230 253 125 169  69  90
121  94  60  53 154 171 185 224 255 246 159 242  60  44  50  48
 56  49  22  80  49 179 189 206 190 146 164  65  34  67  77  57
 37  30  29  86  65  70 171 166 143  73 178  59  36  50  55  63
 25  27  28 116  98  91 202 108 121 145 156 104  53  62  48  48
 38  23  21  86  72  88  91 152 112  91 106 200  65  49  35  43
 41  18  23  81 100  80  66   6  38  70 149 174  48  49  43  65
 17  33  25 102 143 148 118   8  13 107 170 187  65  50  61  62
 32  36  25  12  13 136  24  20  19  93 152  51  53  36  59  47
128 104 112 144 125 106 139 104 152 121 148 148 143 144 116 148
141 127 131 191 191 130 162 176 175 139  94 156 131 136 156 167
131 122 127 133 163 206 178 183 206 224 138 144 132 139 157 147
134  96 115 128  18 157 191 168 180 240 223 116 136 132 162 134
127  88 120 142  19 203 211 169 255  15 224 128 155 145 150 132
148  93 110 138 131 172 169  53 207 193 239 140 127 153 141 130
 96 106  91  83 141 156 162 168 184 150 168 140 113 125 123 135
117  94 103 145 180 160 161 170 208 191 255 248 165 199 126 146
154 134 112 110 217 191 196 216 248 250 230 229 120 107 110 104
114 108  79 142 109 207 197 205 200 188 194 127  97 128 140 120
 96  86  82 148 103 158 223 231 210 144 203 126 105 111 114 127
 80  79  80 159 164 157 200 159 184 201 228 164 121 128 112 114
 97  78  71 149 134 152 148 179 166 152 173 251 133 115  98 111
104  71  78 141 163 148 138  39 117 137 207 230 113 115 107 132
 71  91  78 159 200 208 171  51  55 166 225 234 127 114 126 124
 89  89  78  63  64 171  75  67  72 141 183 111 117  98 121 107

 88 107  83  65  61  48  60  64  26  30  34  18  16  35  35  25
 51  85  89  96  74  57  35  42  26  46  31  17   9  17  32  36
 89  78  76  57  65  77  46 145  11  35  23  27  19  22  23  15
 73  62  61  63  77  43  28  85  22   2   3  17  32  14  38  22
 85  83  68  41  46  60  59 247 248  30  21  63 117  85 122  28
 74  29  49 189 201 203 101 145  33 138 152  25  25  52  85 130
 54  70 185 201   4 145  82  41 237 104  24  56  33  18  48  72
 79 111 157 127 255 205 172 212 254 176  46  29  29   0   5   3
 34 131 133 103 164   3 136 150 220 200  34  52 141   1   0   8
 68 115 124 135 222 139 114 113 176 184  77 206  46  19  41  10
 35  61 161  97 211 137  99 109 156 154   8  28  36  29  44 116
 49 139 112  30   6  45  56  32  55  18  35  40  23  38  53   2
 64 144  54  60  67  57   7  85  24  32  38 110  33  32  48   1
 30  47  39  35  32  25  17  24  29   1  10  12   7   6   7   9
 27  52  36  26  14  20  34  16  64  20   9  11   6   3  15  21
 50  62  49  52  44  62  19  31  95  30  11   5  16  18   4  17
106 130 104  87  83  77  82  90  48  57  63  48  43  65  62  47
 69 110 111 118 100  87  64  69  50  77  55  48  35  43  61  59
104  95  94  82  94 104  71 169  44  67  50  62  49  49  50  36
 97  84  86  87 107  75  58 125  60  34  36  53  65  48  65  53
103 110  96  66  74  87  85 253 242  65  59 104 200 174 187  51
 99  47  86 205 211 222 135 230 159 164 178 156 106 149 170 152
 73  91 203 221   5 166 109 134 246 146  73 144  91  70 107  93
104 129 180 152 255 211 178 212 255 190 143 121 112  38  13  19
 53 147 156 134 160  11 146 157 224 206 166 108 152   6   8  20
 90 133 147 161 219 149 130 130 185 189 171 202  91  66 118  24
 53  84 181 124 209 148 119 129 171 179  71  91  88  80 148 136
 74 162 134  20   5  73  84 115 154  49  65  98  72 100 143  13
 88 165  82  84  96  86  28 104  53  80  86 116  86  81 102  12
 55  76  70  60  63  52  40  47  60  22  29  28  21  23  25  25
 46  72  64  45  32  39  54  40  94  49  30  27  23  18  33  36
 71  85  75  80  72  94  40  60 121  56  37  25  38  41  17  32
148 167 147 134 132 130 135 146 104 120 127 114 111 132 124 107
116 156 157 162 150 141 123 126 110 140 114 112  98 107 126 121
144 136 139 132 145 153 125 199 107 128 111 128 115 115 114  98
143 131 132 136 155 127 113 165 120  97 105 121 133 113 127 117
148 156 144 116 128 140 140 248 229 127 126 164 251 230 234 111
148  94 138 222 224 239 168 255 230 194 203 228 173 207 225 183
121 139 224 240  15 192 150 191 250 188 144 201 152 137 166 141
152 175 206 180 255 207 184 208 248 200 210 184 166 117  55  72
104 176 183 168 169  53 168 170 216 205 231 159 179  39  51  67
139 162 178 191 211 169 162 161 196 197 223 200 148 138 171  75
106 130 206 157 203 172 156 160 191 207 158 157 152 148 208 171
125 190 163  18  19 131 141 180 217 109 103 164 134 163 200  64
144 191 133 128 142 138  83 145 110 142 148 159 149 141 159  63
112 131 127 115 120 110  91 103 112  79  82  80  71  78  78  78
104 127 122  96  88  93 106  94 134 108  86  79  78  71  91  89
128 141 131 134 127 148  96 117 154 114  96  80  97 104  71  89

 19  18  15  15  41  74  36   6   3  17  44  18   6   8  11  14
 16  18  15  16  88  73  39   9   3  39  46  40  24   7   9  11
 16  16  14  15  81  53  33   6   4  16  21  27  26   7   9  11
 16  15  13  15  81  56  37  32  58  45  20  25  26   8   7  10
 18  19  16  15  50 126  75  43  62 106  36  26  47   4   7  10
 19  22  17  17  37 103  27  62  85  73  39  30  24   4   7  12
 21  25  22  19  48 118 126 207 199 169 126  48  37   7  11  20
 27  39  51  33 143 106 177 235 212 176 136  45  62  33  69  86
 38  63 139 107 208 139 102 171 139  98  73  28  41  29  37  28
 43  47  50  47  67 116 105 159 124 105  84  33  23  17  19  25
 52  55  54  53  77 135 158 210  95 111 127  62  42  25  26  34
 57  58  53  54  79 125  81 221 191 188 162  39  49  32  31  37
 66  65  64  56  65 154 137 152 158 154 125  74  58  36  35  36
 75  73  66  63  78 104 166 174 162 148 141 134  86  46  43  41
 83  74  68  63  63  75  75  97 117 112 110 135 124  53  42  41
 85  78  72  67  58  66  64  56  50  49  47  50  41  40  46  44
 44  41  36  38  62  99  58  21  16  31  63  38  20  21  25  31
 38  44  38  41 163 162  95  29  14  93 133 124  69  21  25  27
 43  43  41  46 162 141  98  33  13  64  80  86  71  26  27  30
 44  41  40  45 160 136 104  95 112  93  69  75  76  28  25  29
 46  48  44  46 106 188 141 129 134 134  90  80  76  23  25  31
 43  49  44  49  74 142  84 145 157 143 117  76  58  24  27  36
 46  53  51  51  82 159 168 216 206 183 171  93  71  32  34  44
 50  64  79  69 159 196 220 238 216 184 162 124  95  62  96 110
 63  88 163 137 217 204 153 183 152 117  98  83  71  53  63  54
 69  75  76  74  94 142 131 167 136 123 106  63  46  39  44  51
 79  83  83  83 104 160 175 212 100 123 139  87  70  50  51  62
 79  84  80  83 105 134  89 225 190 190 168  50  73  57  56  66
 90  91  89  81  89 169 150 175 179 173 145  82  80  63  59  62
 98  97  90  87 104 132 187 195 183 170 163 157 111  76  71  67
105  95  89  85  84  95  98 118 138 134 131 157 147  80  66  64
103  92  89  87  77  86  85  79  75  73  71  74  65  64  69  68
106 104  96 100 115 141 109  71  64  77 106  88  71  72  77  87
100 109 101 103 213 220 155  79  56 143 192 185 126  74  80  82
109 107 105 112 215 203 164  90  51 131 150 152 133  82  83  89
109 106 104 110 212 195 167 155 163 151 139 141 137  82  80  87
111 112 109 113 165 225 192 188 186 172 152 146 128  79  80  90
103 110 107 116 134 179 152 203 209 200 185 135 116  81  84  95
106 115 113 115 135 192 199 218 209 197 205 146 126  91  93 101
106 120 130 125 179 244 241 232 213 192 187 186 143 114 135 146
119 137 192 172 224 239 196 193 171 151 141 146 119 103 112 109
124 129 128 127 141 174 163 178 160 155 148 123 101  92  98 107
131 135 134 134 149 188 193 208 128 149 165 134 123 105 106 118
128 133 131 134 150 149 103 229 199 193 176  78 120 111 112 121
137 139 137 131 137 189 164 200 202 196 172  99 123 118 115 117
144 143 137 133 148 168 210 217 207 196 189 184 151 130 126 121
149 140 134 131 130 138 142 157 173 170 167 186 179 134 120 119
145 134 133 133 124 132 131 128 127 125 122 126 119 120 125 123

 14  11  11  10  10  12  20  86  28  25  34  37  36  41  41  44
 11   9   9   7   7   7  11  69  37  19  26  31  35  43  42  46
  8   7   7   8   4   4   7  33  29  17  25  32  36  46  53  40
  6  24  26  26  47  24  37  62  41  23  42  49  58  86 124  41
 18  40  27  25  26  30  48  45  28  33  62  39  74 134 135  50
 44  46  21  20  36  39 126 136  73  84 127 162 125 141 110  47
 17  39  16  45 106  73 169 176  98 105 111 188 154 148 112  49
  3   3   4  58  62  85 199 212 139 124  95 191 158 162 117  50
  6   9   6  32  43  62 207 235 171 159 210 221 152 174  97  56
 36  39  33  37  75  27 126 177 102 105 158  81 137 166  75  64
 74  73  53  56 126 103 118 106 139 116 135 125 154 104  75  66
 41  88  81  81  50  37  48 143 208  67  77  79  65  78  63  58
 15  16  15  15  15  17  19  33 107  47  53  54  56  63  63  67
 15  15  14  13  16  17  22  51 139  50  54  53  64  66  68  72
 18  18  16  15  19  22  25  39  63  47  55  58  65  73  74  78
 19  16  16  16  18  19  21  27  38  43  52  57  66  75  83  85
 31  27  30  29  31  36  44 110  54  51  62  66  62  67  64  68
 25  25  27  25  25  27  34  96  63  44  51  56  59  71  66  69
 21  21  26  28  23  24  32  62  53  39  50  57  63  76  80  64
 20  69  71  76  76  58  71  95  71  46  70  73  80 111 147  65
 38 124  86  75  80  76  93 124  83  63  87  50  82 157 157  74
 63 133  80  69  90 117 171 162  98 106 139 168 145 163 131  71
 31  93  64  93 134 143 183 184 117 123 123 190 173 170 134  73
 16  14  13 112 134 157 206 216 152 136 100 190 179 183 138  75
 21  29  33  95 129 145 216 238 183 167 212 225 175 195 118  79
 58  95  98 104 141  84 168 220 153 131 175  89 150 187  98  85
 99 162 141 136 188 142 159 196 204 142 160 134 169 132  95  86
 62 163 162 160 106  74  82 159 217  94 104 105  89 104  84  77
 38  41  46  45  46  49  51  69 137  74  83  83  81  87  85  87
 36  38  41  40  44  44  51  79 163  76  83  80  89  90  89  89
 41  44  43  41  48  49  53  64  88  75  83  84  91  97  95  92
 44  38  43  44  46  43  46  50  63  69  79  79  90  98 105 103
 87  82  89  87  90  95 101 146 109 107 118 121 117 121 119 123
 77  80  83  80  80  84  93 135 112  98 106 112 115 126 120 125
 72  74  82  82  79  81  91 114 103  92 105 111 118 130 134 120
 71 126 133 137 128 116 126 143 119 101 123 120 123 151 179 119
 88 185 152 141 146 135 146 186 146 123 134  78  99 184 186 126
106 192 150 139 152 185 205 187 141 148 165 176 172 189 167 122
 77 143 131 151 172 200 197 192 151 155 149 193 196 196 170 125
 64  56  51 163 186 209 209 213 171 160 128 199 202 207 173 127
 71  79  90 155 188 203 218 232 193 178 208 229 200 217 157 128
109 155 164 167 192 152 199 241 196 163 193 103 164 210 142 131
141 220 203 195 225 179 192 244 239 174 188 149 189 168 138 132
115 213 215 212 165 134 135 179 224 141 149 150 137 148 130 124
100 103 112 110 113 116 115 125 172 127 134 134 131 133 131 133
 96 101 105 104 109 107 113 130 192 128 134 131 137 137 134 133
104 109 107 106 112 110 115 120 137 129 135 133 139 143 140 134
106 100 109 109 111 103 106 106 119 124 131 128 137 144 149 145
